94.990 70.410
102.720 52.850
85.730 45.780
94.990 144.380
102.720 126.820
85.730 119.750
94.990 209.920
102.720 192.550
85.730 185.290
106.120 324.080
85.630 316.350
75.710 333.340
349.600 324.080
332.040 316.350
324.970 333.340
168.870 53.030
151.310 45.300
144.240 62.290
331.990 44.880
321.760 62.440
341.360 12.710
348.430 -4.480
341.250 69.510
331.990 118.930
321.680 136.132
341.250 143.560
331.990 184.470
323.410 202.030
341.250 209.100
143.120 4.830
160.680 12.560
167.750 -4.430
77.480 4.830
95.040 12.560
102.110 -4.430
323.800 4.980
